[gd_scene load_steps=15 format=3 uid="uid://dx6j5s7vl01ah"]

[ext_resource type="Script" path="res://Scripts/terrain_block.gd" id="1_wgurr"]
[ext_resource type="PackedScene" uid="uid://iv488iscoe18" path="res://Scenes/TREE/birch_1.tscn" id="2_md6kc"]
[ext_resource type="Script" path="res://Scripts/foliage_type.gd" id="3_vnumr"]
[ext_resource type="PackedScene" uid="uid://xo6ilwc1naba" path="res://Scenes/TREE/birch_2.tscn" id="4_uaih7"]
[ext_resource type="PackedScene" uid="uid://duvncxv3o07w7" path="res://Scenes/TREE/birch_3.tscn" id="5_7aug3"]

[sub_resource type="Resource" id="Resource_aujar"]
script = ExtResource("3_vnumr")
instance_scene = ExtResource("2_md6kc")
instance_number = 6

[sub_resource type="Resource" id="Resource_wr1ce"]
script = ExtResource("3_vnumr")
instance_scene = ExtResource("4_uaih7")
instance_number = 6

[sub_resource type="Resource" id="Resource_3v7ih"]
script = ExtResource("3_vnumr")
instance_scene = ExtResource("5_7aug3")
instance_number = 6

[sub_resource type="BoxMesh" id="BoxMesh_jt2lr"]
size = Vector3(10, 1, 43)

[sub_resource type="StandardMaterial3D" id="StandardMaterial3D_crhvf"]
albedo_color = Color(0.27451, 0.380392, 0.745098, 1)
roughness = 0.3

[sub_resource type="BoxMesh" id="BoxMesh_l8mtg"]
size = Vector3(7.5, 3, 43)

[sub_resource type="StandardMaterial3D" id="StandardMaterial3D_v1q3n"]
albedo_color = Color(0.360784, 0.223529, 0.0980392, 1)

[sub_resource type="BoxShape3D" id="BoxShape3D_da5nu"]
size = Vector3(1, 4.5, 43)

[sub_resource type="PlaneMesh" id="PlaneMesh_gpgc6"]
size = Vector2(7, 44)

[node name="terrain_block_01" type="Node3D"]
script = ExtResource("1_wgurr")
size = Vector3(23, 1, 43)
foliage_types = Array[ExtResource("3_vnumr")]([SubResource("Resource_aujar"), SubResource("Resource_wr1ce"), SubResource("Resource_3v7ih")])

[node name="River@CSGMesh3D" type="CSGMesh3D" parent="."]
transform = Transform3D(1, 0, 0, 0, 1, 0, 0, 0, 1, 0, -0.376559, 0)
mesh = SubResource("BoxMesh_jt2lr")
material = SubResource("StandardMaterial3D_crhvf")

[node name="River@CSGMesh3D2" type="CSGMesh3D" parent="."]
transform = Transform3D(0.932972, 0.359948, 0, -0.359948, 0.932972, 0, 0, 0, 1, -7.98275, 0.071889, 0)
visible = false
mesh = SubResource("BoxMesh_l8mtg")
material = SubResource("StandardMaterial3D_v1q3n")

[node name="River@CSGMesh3D3" type="CSGMesh3D" parent="."]
transform = Transform3D(1, 0, 0, 0, 1, 0, 0, 0, 1, -14.683, 1.31, 0)
visible = false
mesh = SubResource("BoxMesh_l8mtg")
material = SubResource("StandardMaterial3D_v1q3n")

[node name="River@CSGMesh3D4" type="CSGMesh3D" parent="."]
transform = Transform3D(0.932954, -0.359997, 0, 0.359997, 0.932954, 0, 0, 0, 1, 7.983, 0.072, 0)
visible = false
mesh = SubResource("BoxMesh_l8mtg")
material = SubResource("StandardMaterial3D_v1q3n")

[node name="River@CSGMesh3D5" type="CSGMesh3D" parent="."]
transform = Transform3D(1, 0, 0, 0, 1, 0, 0, 0, 1, 14.6827, 1.30996, 0)
visible = false
mesh = SubResource("BoxMesh_l8mtg")
material = SubResource("StandardMaterial3D_v1q3n")

[node name="border" type="StaticBody3D" parent="."]
transform = Transform3D(1, 0, 0, 0, 1, 0, 0, 0, 1, 4.5, 0, 0)

[node name="collision" type="CollisionShape3D" parent="border"]
shape = SubResource("BoxShape3D_da5nu")

[node name="border2" type="StaticBody3D" parent="."]
transform = Transform3D(1, 0, 0, 0, 1, 0, 0, 0, 1, -4.5, 0, 0)

[node name="collision" type="CollisionShape3D" parent="border2"]
shape = SubResource("BoxShape3D_da5nu")

[node name="decorations" type="Node3D" parent="."]

[node name="editor" type="Node3D" parent="decorations"]

[node name="plane_01" type="MeshInstance3D" parent="decorations/editor"]
transform = Transform3D(1, 0, 0, 0, 1, 0, 0, 0, 1, -14.821, 2.849, 0)
mesh = SubResource("PlaneMesh_gpgc6")
skeleton = NodePath("../../..")

[node name="plane_02" type="MeshInstance3D" parent="decorations/editor"]
transform = Transform3D(1, 0, 0, 0, 1, 0, 0, 0, 1, 14.8208, 2.84894, 0)
mesh = SubResource("PlaneMesh_gpgc6")
skeleton = NodePath("../../..")

[node name="obstacles" type="Node3D" parent="."]

[node name="CSGBox3D" type="CSGBox3D" parent="obstacles" groups=["obstacle"]]
use_collision = true

[node name="CSGBox3D7" type="CSGBox3D" parent="obstacles" groups=["obstacle"]]
transform = Transform3D(0.771447, 0, 0.636294, -0.0587527, 0.995728, 0.0712322, -0.633575, -0.0923358, 0.768151, 0, 0, 16.9292)
use_collision = true
size = Vector3(1.617, 1.218, 1.182)

[node name="CSGBox3D2" type="CSGBox3D" parent="obstacles" groups=["obstacle"]]
transform = Transform3D(0.784333, 0, -0.62034, 0, 1, 0, 0.62034, 0, 0.784333, -2.09062, -9.53674e-07, 9.77713)
use_collision = true
size = Vector3(1.855, 3.172, 1)

[node name="CSGBox3D3" type="CSGBox3D" parent="obstacles" groups=["obstacle"]]
transform = Transform3D(0.249298, 0.960068, 0.126961, -0.0373763, -0.121464, 0.991892, 0.967705, -0.252022, 0.00560299, 1.74055, -9.53674e-07, -13.2651)
use_collision = true
size = Vector3(1.855, 3.172, 1)

[node name="CSGBox3D4" type="CSGBox3D" parent="obstacles" groups=["obstacle"]]
transform = Transform3D(0.893348, 0, 0.449366, 0, 1, 0, -0.449366, 0, 0.893348, -3.1057, -9.53674e-07, -18.0315)
use_collision = true

[node name="CSGBox3D5" type="CSGBox3D" parent="obstacles" groups=["obstacle"]]
transform = Transform3D(0.979442, 0, -0.201728, 0, 1, 0, 0.201728, 0, 0.979442, 3.3423, -9.53674e-07, 9.28403)
use_collision = true
size = Vector3(1.855, 3.172, 1)

[node name="CSGBox3D6" type="CSGBox3D" parent="obstacles" groups=["obstacle"]]
transform = Transform3D(-0.610351, -0.665442, -0.42972, 0.247506, 0.355118, -0.901461, 0.752471, -0.656566, -0.0520463, -3.13298, -9.53674e-07, -5.85582)
use_collision = true
size = Vector3(2.49, 3.172, 1)
